0000000000000000
0000000000000000
0000000000000000
0000000000000000
0000000000000000
1111111111111111
1111111111111110
1111111111111100
1111111111111010
1111111111111001
1111111111111000
1111111111111000
1111111111111001
1111111111111101
0000000000000011
0000000000001011
0000000000010101
0000000000011111
0000000000101000
0000000000101111
0000000000110001
0000000000101100
0000000000100001
0000000000001101
1111111111110010
1111111111010000
1111111110101101
1111111110001010
1111111101101101
1111111101011100
1111111101011011
1111111101101110
1111111110011000
1111111111011000
0000000000101100
0000000010001101
0000000011110010
0000000101010000
0000000110011010
0000000111000010
0000000110111110
0000000110000100
0000000100010001
0000000001100111
1111111110001111
1111111010011000
1111110110011000
1111110010101011
1111101111101111
1111101110000101
1111101110001000
1111110000010001
1111110100110000
1111111011101010
0000000100111010
0000010000001100
0000011101000010
0000101010110100
0000111000110010
0001000110000110
0001010001111101
0001011011100111
0001100010011011
0001100101111100
